==============================================================================
BCC 540x540 Kronecker Decomposition Analysis
A ~= L_bc (x) I_20 + I_27 (x) L_local
==============================================================================

[Construction] Building BCC lattice and adjacency matrix ...
  A shape: (540, 540)  nnz: 5184

==============================================================================
[Step 1] Reorder A by parent BC -> 27x27 block structure (20x20 blocks)
==============================================================================
  Patch sizes: min=20, max=20, all==20? True
  A_block shape: (540, 540)  (reordered, same spectrum as A)

==============================================================================
[Step 2] Extract L_local candidates (diagonal 20x20 blocks)
==============================================================================
  Max element-wise difference across all 27 diagonal blocks: 0.000000e+00
  All diagonal blocks identical? True

  Max pairwise diff within each shell:
    Corner  ( 8 BCs): max diff = 0.000000e+00
    Edge    (12 BCs): max diff = 0.000000e+00
    Face    ( 6 BCs): max diff = 0.000000e+00
    Center  ( 1 BCs): max diff = 0.000000e+00

  Eigenvalues of each diagonal block (sorted ascending):
  bc_idx |   shell | eigenvalues (20 values)
  -------+---------+- ...
       0 |  Corner |  -2.000  -2.000  -2.000  -2.000  -2.000  -2.000  -2.000  -2.000  -2.000  -2.000   1.000   1.000   1.000   1.000   1.000   1.000   1.000   1.000   6.000   6.000
       1 |    Edge |  -2.000  -2.000  -2.000  -2.000  -2.000  -2.000  -2.000  -2.000  -2.000  -2.000   1.000   1.000   1.000   1.000   1.000   1.000   1.000   1.000   6.000   6.000
       2 |  Corner |  -2.000  -2.000  -2.000  -2.000  -2.000  -2.000  -2.000  -2.000  -2.000  -2.000   1.000   1.000   1.000   1.000   1.000   1.000   1.000   1.000   6.000   6.000
       3 |    Edge |  -2.000  -2.000  -2.000  -2.000  -2.000  -2.000  -2.000  -2.000  -2.000  -2.000   1.000   1.000   1.000   1.000   1.000   1.000   1.000   1.000   6.000   6.000
       4 |    Face |  -2.000  -2.000  -2.000  -2.000  -2.000  -2.000  -2.000  -2.000  -2.000  -2.000   1.000   1.000   1.000   1.000   1.000   1.000   1.000   1.000   6.000   6.000
       5 |    Edge |  -2.000  -2.000  -2.000  -2.000  -2.000  -2.000  -2.000  -2.000  -2.000  -2.000   1.000   1.000   1.000   1.000   1.000   1.000   1.000   1.000   6.000   6.000
       6 |  Corner |  -2.000  -2.000  -2.000  -2.000  -2.000  -2.000  -2.000  -2.000  -2.000  -2.000   1.000   1.000   1.000   1.000   1.000   1.000   1.000   1.000   6.000   6.000
       7 |    Edge |  -2.000  -2.000  -2.000  -2.000  -2.000  -2.000  -2.000  -2.000  -2.000  -2.000   1.000   1.000   1.000   1.000   1.000   1.000   1.000   1.000   6.000   6.000
       8 |  Corner |  -2.000  -2.000  -2.000  -2.000  -2.000  -2.000  -2.000  -2.000  -2.000  -2.000   1.000   1.000   1.000   1.000   1.000   1.000   1.000   1.000   6.000   6.000
       9 |    Edge |  -2.000  -2.000  -2.000  -2.000  -2.000  -2.000  -2.000  -2.000  -2.000  -2.000   1.000   1.000   1.000   1.000   1.000   1.000   1.000   1.000   6.000   6.000
      10 |    Face |  -2.000  -2.000  -2.000  -2.000  -2.000  -2.000  -2.000  -2.000  -2.000  -2.000   1.000   1.000   1.000   1.000   1.000   1.000   1.000   1.000   6.000   6.000
      11 |    Edge |  -2.000  -2.000  -2.000  -2.000  -2.000  -2.000  -2.000  -2.000  -2.000  -2.000   1.000   1.000   1.000   1.000   1.000   1.000   1.000   1.000   6.000   6.000
      12 |    Face |  -2.000  -2.000  -2.000  -2.000  -2.000  -2.000  -2.000  -2.000  -2.000  -2.000   1.000   1.000   1.000   1.000   1.000   1.000   1.000   1.000   6.000   6.000
      13 |  Center |  -2.000  -2.000  -2.000  -2.000  -2.000  -2.000  -2.000  -2.000  -2.000  -2.000   1.000   1.000   1.000   1.000   1.000   1.000   1.000   1.000   6.000   6.000
      14 |    Face |  -2.000  -2.000  -2.000  -2.000  -2.000  -2.000  -2.000  -2.000  -2.000  -2.000   1.000   1.000   1.000   1.000   1.000   1.000   1.000   1.000   6.000   6.000
      15 |    Edge |  -2.000  -2.000  -2.000  -2.000  -2.000  -2.000  -2.000  -2.000  -2.000  -2.000   1.000   1.000   1.000   1.000   1.000   1.000   1.000   1.000   6.000   6.000
      16 |    Face |  -2.000  -2.000  -2.000  -2.000  -2.000  -2.000  -2.000  -2.000  -2.000  -2.000   1.000   1.000   1.000   1.000   1.000   1.000   1.000   1.000   6.000   6.000
      17 |    Edge |  -2.000  -2.000  -2.000  -2.000  -2.000  -2.000  -2.000  -2.000  -2.000  -2.000   1.000   1.000   1.000   1.000   1.000   1.000   1.000   1.000   6.000   6.000
      18 |  Corner |  -2.000  -2.000  -2.000  -2.000  -2.000  -2.000  -2.000  -2.000  -2.000  -2.000   1.000   1.000   1.000   1.000   1.000   1.000   1.000   1.000   6.000   6.000
      19 |    Edge |  -2.000  -2.000  -2.000  -2.000  -2.000  -2.000  -2.000  -2.000  -2.000  -2.000   1.000   1.000   1.000   1.000   1.000   1.000   1.000   1.000   6.000   6.000
      20 |  Corner |  -2.000  -2.000  -2.000  -2.000  -2.000  -2.000  -2.000  -2.000  -2.000  -2.000   1.000   1.000   1.000   1.000   1.000   1.000   1.000   1.000   6.000   6.000
      21 |    Edge |  -2.000  -2.000  -2.000  -2.000  -2.000  -2.000  -2.000  -2.000  -2.000  -2.000   1.000   1.000   1.000   1.000   1.000   1.000   1.000   1.000   6.000   6.000
      22 |    Face |  -2.000  -2.000  -2.000  -2.000  -2.000  -2.000  -2.000  -2.000  -2.000  -2.000   1.000   1.000   1.000   1.000   1.000   1.000   1.000   1.000   6.000   6.000
      23 |    Edge |  -2.000  -2.000  -2.000  -2.000  -2.000  -2.000  -2.000  -2.000  -2.000  -2.000   1.000   1.000   1.000   1.000   1.000   1.000   1.000   1.000   6.000   6.000
      24 |  Corner |  -2.000  -2.000  -2.000  -2.000  -2.000  -2.000  -2.000  -2.000  -2.000  -2.000   1.000   1.000   1.000   1.000   1.000   1.000   1.000   1.000   6.000   6.000
      25 |    Edge |  -2.000  -2.000  -2.000  -2.000  -2.000  -2.000  -2.000  -2.000  -2.000  -2.000   1.000   1.000   1.000   1.000   1.000   1.000   1.000   1.000   6.000   6.000
      26 |  Corner |  -2.000  -2.000  -2.000  -2.000  -2.000  -2.000  -2.000  -2.000  -2.000  -2.000   1.000   1.000   1.000   1.000   1.000   1.000   1.000   1.000   6.000   6.000

  L_local_mean = mean of 27 diagonal blocks (20x20)
  ||L_local_mean - diag_blocks[0]||_F = 0.000000e+00

  Eigenvalues of L_local_mean (sorted ascending):
   -2.0000  -2.0000  -2.0000  -2.0000  -2.0000  -2.0000  -2.0000  -2.0000  -2.0000  -2.0000   1.0000   1.0000   1.0000   1.0000   1.0000   1.0000   1.0000   1.0000   6.0000   6.0000

==============================================================================
[Step 2b] Extract L_bc from off-diagonal blocks
  Check: is each off-diagonal block c * I_20?
==============================================================================

  Non-zero off-diagonal blocks: 108
  Max relative Frobenius residual ||B - c*I||_F / ||B||_F: 1.000000e+00
  Mean relative residual: 9.828944e-01
  Are off-diagonal blocks exactly c*I_20? (max rel < 1e-9): False

  L_bc (27x27) -- extracted as trace(block)/20:
    [0.  0.3 0.  0.  0.  0.  0.  0.  0.  0.  0.  0.  0.  0.  0.  0.  0.  0.  0.  0.  0.  0.  0.  0.  0.  0.  0. ]
    [0.3 0.  0.3 0.  0.  0.  0.  0.  0.  0.  0.  0.  0.  0.  0.  0.  0.  0.  0.  0.  0.  0.  0.  0.  0.  0.  0. ]
    [0.  0.3 0.  0.  0.  0.  0.  0.  0.  0.  0.  0.  0.  0.  0.  0.  0.  0.  0.  0.  0.  0.  0.  0.  0.  0.  0. ]
    [0.  0.  0.  0.  0.3 0.  0.  0.  0.  0.  0.  0.  0.  0.  0.  0.  0.  0.  0.  0.  0.  0.  0.  0.  0.  0.  0. ]
    [0.  0.  0.  0.3 0.  0.3 0.  0.  0.  0.  0.  0.  0.  0.  0.  0.  0.  0.  0.  0.  0.  0.  0.  0.  0.  0.  0. ]
    [0.  0.  0.  0.  0.3 0.  0.  0.  0.  0.  0.  0.  0.  0.  0.  0.  0.  0.  0.  0.  0.  0.  0.  0.  0.  0.  0. ]
    [0.  0.  0.  0.  0.  0.  0.  0.3 0.  0.  0.  0.  0.  0.  0.  0.  0.  0.  0.  0.  0.  0.  0.  0.  0.  0.  0. ]
    [0.  0.  0.  0.  0.  0.  0.3 0.  0.3 0.  0.  0.  0.  0.  0.  0.  0.  0.  0.  0.  0.  0.  0.  0.  0.  0.  0. ]
    [0.  0.  0.  0.  0.  0.  0.  0.3 0.  0.  0.  0.  0.  0.  0.  0.  0.  0.  0.  0.  0.  0.  0.  0.  0.  0.  0. ]
    [0.  0.  0.  0.  0.  0.  0.  0.  0.  0.  0.3 0.  0.  0.  0.  0.  0.  0.  0.  0.  0.  0.  0.  0.  0.  0.  0. ]
    [0.  0.  0.  0.  0.  0.  0.  0.  0.  0.3 0.  0.3 0.  0.  0.  0.  0.  0.  0.  0.  0.  0.  0.  0.  0.  0.  0. ]
    [0.  0.  0.  0.  0.  0.  0.  0.  0.  0.  0.3 0.  0.  0.  0.  0.  0.  0.  0.  0.  0.  0.  0.  0.  0.  0.  0. ]
    [0.  0.  0.  0.  0.  0.  0.  0.  0.  0.  0.  0.  0.  0.3 0.  0.  0.  0.  0.  0.  0.  0.  0.  0.  0.  0.  0. ]
    [0.  0.  0.  0.  0.  0.  0.  0.  0.  0.  0.  0.  0.3 0.  0.3 0.  0.  0.  0.  0.  0.  0.  0.  0.  0.  0.  0. ]
    [0.  0.  0.  0.  0.  0.  0.  0.  0.  0.  0.  0.  0.  0.3 0.  0.  0.  0.  0.  0.  0.  0.  0.  0.  0.  0.  0. ]
    [0.  0.  0.  0.  0.  0.  0.  0.  0.  0.  0.  0.  0.  0.  0.  0.  0.3 0.  0.  0.  0.  0.  0.  0.  0.  0.  0. ]
    [0.  0.  0.  0.  0.  0.  0.  0.  0.  0.  0.  0.  0.  0.  0.  0.3 0.  0.3 0.  0.  0.  0.  0.  0.  0.  0.  0. ]
    [0.  0.  0.  0.  0.  0.  0.  0.  0.  0.  0.  0.  0.  0.  0.  0.  0.3 0.  0.  0.  0.  0.  0.  0.  0.  0.  0. ]
    [0.  0.  0.  0.  0.  0.  0.  0.  0.  0.  0.  0.  0.  0.  0.  0.  0.  0.  0.  0.3 0.  0.  0.  0.  0.  0.  0. ]
    [0.  0.  0.  0.  0.  0.  0.  0.  0.  0.  0.  0.  0.  0.  0.  0.  0.  0.  0.3 0.  0.3 0.  0.  0.  0.  0.  0. ]
    [0.  0.  0.  0.  0.  0.  0.  0.  0.  0.  0.  0.  0.  0.  0.  0.  0.  0.  0.  0.3 0.  0.  0.  0.  0.  0.  0. ]
    [0.  0.  0.  0.  0.  0.  0.  0.  0.  0.  0.  0.  0.  0.  0.  0.  0.  0.  0.  0.  0.  0.  0.3 0.  0.  0.  0. ]
    [0.  0.  0.  0.  0.  0.  0.  0.  0.  0.  0.  0.  0.  0.  0.  0.  0.  0.  0.  0.  0.  0.3 0.  0.3 0.  0.  0. ]
    [0.  0.  0.  0.  0.  0.  0.  0.  0.  0.  0.  0.  0.  0.  0.  0.  0.  0.  0.  0.  0.  0.  0.3 0.  0.  0.  0. ]
    [0.  0.  0.  0.  0.  0.  0.  0.  0.  0.  0.  0.  0.  0.  0.  0.  0.  0.  0.  0.  0.  0.  0.  0.  0.  0.3 0. ]
    [0.  0.  0.  0.  0.  0.  0.  0.  0.  0.  0.  0.  0.  0.  0.  0.  0.  0.  0.  0.  0.  0.  0.  0.  0.3 0.  0.3]
    [0.  0.  0.  0.  0.  0.  0.  0.  0.  0.  0.  0.  0.  0.  0.  0.  0.  0.  0.  0.  0.  0.  0.  0.  0.  0.3 0. ]

  Eigenvalues of L_bc (sorted ascending):
   -0.4243  -0.4243  -0.4243  -0.4243  -0.4243  -0.4243  -0.4243  -0.4243  -0.4243  -0.0000  -0.0000  -0.0000  -0.0000  -0.0000  -0.0000  -0.0000  -0.0000  -0.0000   0.4243   0.4243   0.4243   0.4243   0.4243   0.4243   0.4243   0.4243   0.4243

  Comparing L_bc to the actual 3x3x3 BC grid adjacency matrix ...
  ||L_bc - L_bc_grid||_F = 9.467840e+00
  ||L_bc - L_bc_grid||_inf = 1.000000e+00
  L_bc == L_bc_grid (within 1e-9)? False

  Eigenvalues of L_bc_grid (sorted ascending):
   -4.2426  -2.8284  -2.8284  -2.8284  -1.4142  -1.4142  -1.4142  -1.4142  -1.4142  -1.4142  -0.0000   0.0000   0.0000   0.0000   0.0000   0.0000   0.0000   1.4142   1.4142   1.4142   1.4142   1.4142   1.4142   2.8284   2.8284   2.8284   4.2426

==============================================================================
[Step 3] Kronecker sum reconstruction
  A_kron = L_bc (x) I_20 + I_27 (x) L_local_mean
==============================================================================
  A_kron shape: (540, 540)
  ||A_block - A_kron||_F          = 4.334974e+01
  ||A_block - A_kron||_F / ||A||_F = 6.020797e-01
  Exact Kronecker sum (rel < 1e-9)? False

  Eigenvalue comparison: A_kron vs full A
  Computed Kronecker-sum eigenvalues: 540 values
  Full matrix eigenvalues:            540 values
  Max eigenvalue deviation:           4.434239e+00
  Eigenvalues match (max dev < 1e-6)? False

==============================================================================
[Step 4] Residual matrix analysis
==============================================================================
  ||R||_F = 4.334974e+01
  rank(R) = 420
  Singular values of R (top 20):
  5.5259 5.5259 5.5259 5.5259 4.9733 4.9733 4.9733 4.9733 4.6353 4.6353 4.6353 4.6353 4.6353 4.6353 4.6353 4.6353 4.2961 4.2961 4.2961 4.2961
  Nonzero entries (|r|>1e-9): 2448  sparsity: 0.9916

  Block-wise ||R_block[a,b]||_F for non-zero blocks (threshold 1e-9):
  Number of non-trivial residual blocks: 108 out of 729
  Max block ||R_block||_F: 4.242641e+00
  Mean block ||R_block||_F (non-zero only): 4.170068e+00
  Diagonal residual blocks: 0, off-diagonal: 108

==============================================================================
[Step 5] Scaling prediction -- Kronecker-sum eigenvalue decomposition
  Identify combinations lam_bc(i) + lam_local(j) ~= -3 (expected m=108)
  and ~= -2 (expected m=56)
==============================================================================

  Target eigenvalue: -3  (expected multiplicity 108)
  Combinations found: 0
  Distinct lam_bc values:    
  Distinct lam_local values: 
  -> lam_local contributions: []

  Target eigenvalue: -2  (expected multiplicity 56)
  Combinations found: 90
  Distinct lam_bc values:    -0.0000
  Distinct lam_local values: -2.0000
  -> lam_local contributions: [np.float64(-2.0)]

==============================================================================
[Bonus] Grouped eigenvalue table comparison: A_kron vs full A (tol=1e-4)
==============================================================================
      eigenvalue |  mult(A) | mult(kron)
  ---------------+----------+-----------
         -3.0000 |      108 |          0
         -2.4240 |        0 |         90
         -2.0000 |       56 |         90
         -1.9490 |        6 |          0
         -1.9440 |        6 |          0
         -1.9150 |        6 |          0
         -1.9040 |       12 |          0
         -1.8920 |        2 |          0
         -1.8830 |        6 |          0
         -1.8780 |        6 |          0
         -1.8530 |        6 |          0
         -1.7620 |       16 |          0
         -1.7280 |        6 |          0
         -1.6980 |       12 |          0
         -1.6560 |        6 |          0
         -1.6030 |        2 |          0
         -1.5760 |        0 |         90
         -1.4140 |       16 |          0
         -1.3150 |        6 |          0
         -1.2040 |        6 |          0
         -1.1480 |        2 |          0
         -0.7230 |        6 |          0
         -0.6440 |       12 |          0
         -0.5110 |        6 |          0
         -0.3630 |       16 |          0
         -0.2140 |        6 |          0
          0.0180 |        6 |          0
          0.4050 |        6 |          0
          0.4240 |       12 |          0
          0.4400 |        6 |          0
          0.5760 |        0 |         72
          1.0000 |       16 |         72
          1.4140 |       16 |          0
          1.4240 |        0 |         72
          1.7220 |        6 |          0
          1.7240 |       12 |          0
          1.7260 |        6 |          0
          1.8190 |        6 |          0
          1.8200 |        6 |          0
          1.8670 |        2 |          0
          2.6000 |        2 |          0
          2.6800 |        6 |          0
          2.8080 |        6 |          0
          2.8170 |        6 |          0
          2.9340 |       12 |          0
          2.9920 |        6 |          0
          3.1250 |       16 |          0
          3.8780 |        2 |          0
          5.0850 |        6 |          0
          5.5760 |        0 |         18
          5.8390 |        6 |          0
          6.0000 |        0 |         18
          6.2360 |        6 |          0
          6.4240 |        0 |         18
          7.1640 |       12 |          0
          7.4390 |        2 |          0
          8.2510 |        6 |          0
          8.4810 |        6 |          0
          9.6330 |        6 |          0
         10.8590 |        2 |          0

=== DONE ===
